# Time-averaged data for fix msd2
# TimeStep Number-of-rows
# Row c_comp2
      0	0.0000000000	0.0000000000
    100	0.1214510000	0.0404146000
    200	0.1025540000	0.0338466000
    300	0.0248848000	0.0082981300
    400	0.1147590000	0.0379650000
    500	0.0766150000	0.0256523000
    600	0.0414794000	0.0138367000
    700	0.0968223000	0.0322346000
    800	0.0597242000	0.0198256000
    900	0.0458510000	0.0154182000
   1000	0.0790507000	0.0261191000
   1100	0.0510849000	0.0170309000
   1200	0.0465126000	0.0153818000
   1300	0.0661293000	0.0219915000
   1400	0.0451466000	0.0150763000
   1500	0.0440797000	0.0146900000
   1600	0.0567076000	0.0188904000
   1700	0.0406710000	0.0137386000
   1800	0.0416109000	0.0138753000
   1900	0.0496833000	0.0165368000
   2000	0.0372624000	0.0123882000
   2100	0.0389761000	0.0130227000
   2200	0.0439592000	0.0146593000
   2300	0.0341500000	0.0114321000
   2400	0.0360868000	0.0120164000
   2500	0.0391624000	0.0130814000
   2600	0.0318628000	0.0106204000
   2700	0.0331979000	0.0111602000
   2800	0.0350992000	0.0116774000
   2900	0.0293473000	0.0098841400
   3000	0.0306181000	0.0103002000
   3100	0.0317519000	0.0105762000
   3200	0.0270994000	0.0089671600
   3300	0.0283624000	0.0094435600
   3400	0.0287590000	0.0095335300
   3500	0.0247800000	0.0083524700
   3600	0.0256714000	0.0086100000
   3700	0.0261814000	0.0087482900
   3800	0.0227492000	0.0076412000
   3900	0.0237600000	0.0079270000
   4000	0.0238630000	0.0079814000
   4100	0.0212225000	0.0070943300
   4200	0.0217490000	0.0073204700
   4300	0.0218277000	0.0073473600
   4400	0.0194915000	0.0064858600
   4500	0.0198890000	0.0066662600
   4600	0.0199487000	0.0066637600
   4700	0.0180518000	0.0060636900
   4800	0.0185040000	0.0061769300
   4900	0.0182532000	0.0061224100
   5000	0.0166089000	0.0055795000
   5100	0.0168486000	0.0056713700
   5200	0.0167697000	0.0056497700
   5300	0.0150329000	0.0049749200
   5400	0.0156549000	0.0052089100
   5500	0.0153158000	0.0051858700
   5600	0.0142368000	0.0047213800
   5700	0.0143211000	0.0047854800
   5800	0.0141668000	0.0047418300
   5900	0.0131080000	0.0044026400
   6000	0.0133595000	0.0044740800
   6100	0.0130926000	0.0043677800
   6200	0.0122143000	0.0040807100
   6300	0.0123619000	0.0041170900
   6400	0.0121149000	0.0040633700
   6500	0.0113985000	0.0038175800
   6600	0.0114940000	0.0038437000
   6700	0.0112121000	0.0037535700
   6800	0.0106519000	0.0035242600
   6900	0.0107111000	0.0035438600
   7000	0.0105901000	0.0035404700
   7100	0.0099488000	0.0033127800
   7200	0.0100560000	0.0033511500
   7300	0.0098625000	0.0032874700
   7400	0.0092674700	0.0030844100
   7500	0.0094610800	0.0031548800
   7600	0.0092872800	0.0030635400
   7700	0.0088084400	0.0029313100
   7800	0.0089289200	0.0029894100
   7900	0.0087712800	0.0029410900
   8000	0.0082670900	0.0027448900
   8100	0.0084329400	0.0028046400
   8200	0.0082349600	0.0027149200
   8300	0.0078699100	0.0026167900
   8400	0.0079857000	0.0026710500
   8500	0.0078028000	0.0025886300
   8600	0.0074856700	0.0025187900
   8700	0.0075315000	0.0025329800
   8800	0.0074502000	0.0024978000
   8900	0.0070616500	0.0023686400
   9000	0.0072020900	0.0024131200
   9100	0.0070231900	0.0023751700
   9200	0.0068108500	0.0022931200
   9300	0.0068853800	0.0023017900
   9400	0.0067146900	0.0022463000
   9500	0.0065096400	0.0021614500
   9600	0.0065735900	0.0021885500
   9700	0.0064379300	0.0021515900
   9800	0.0062085400	0.0020694900
   9900	0.0063071600	0.0021191800
  10000	0.0061517000	0.0020396400
  10100	0.0059679900	0.0019749000
  10200	0.0060109800	0.0020090500
  10300	0.0059163500	0.0019779100
  10400	0.0057309700	0.0019297500
  10500	0.0058269800	0.0019522900
  10600	0.0056890000	0.0019042500
  10700	0.0054855900	0.0018048100
  10800	0.0055721300	0.0018615700
  10900	0.0054556100	0.0018187200
  11000	0.0052840800	0.0017692300
  11100	0.0053858800	0.0018049800
  11200	0.0052603100	0.0017785400
  11300	0.0051272600	0.0017259100
  11400	0.0052223900	0.0017513100
  11500	0.0050441100	0.0016824600
  11600	0.0049502100	0.0016609600
  11700	0.0050143400	0.0016846800
  11800	0.0048905300	0.0016376300
  11900	0.0048121400	0.0016024500
  12000	0.0048437300	0.0016306200
  12100	0.0047355600	0.0015898300
  12200	0.0046774000	0.0015633400
  12300	0.0047267300	0.0015787500
  12400	0.0046037900	0.0015499800
  12500	0.0045583400	0.0015212900
  12600	0.0045726100	0.0015089200
  12700	0.0044621400	0.0014857300
  12800	0.0044304200	0.0014749800
  12900	0.0044524600	0.0014970700
  13000	0.0043617500	0.0014464700
  13100	0.0042370300	0.0014312900
  13200	0.0043167500	0.0014395100
  13300	0.0042343400	0.0014040100
  13400	0.0042008200	0.0014021200
  13500	0.0041749200	0.0013870500
  13600	0.0041109300	0.0013645200
  13700	0.0040751600	0.0013597100
  13800	0.0040574500	0.0013601600
  13900	0.0040166200	0.0013371100
  14000	0.0039956400	0.0013516100
  14100	0.0039592400	0.0013211700
  14200	0.0038951900	0.0013098100
  14300	0.0038681000	0.0012857600
  14400	0.0039245100	0.0013096800
  14500	0.0037883600	0.0012599000
  14600	0.0038062600	0.0012670600
  14700	0.0038090700	0.0012688200
  14800	0.0037258000	0.0012464300
  14900	0.0036989600	0.0012440500
  15000	0.0037172200	0.0012432500
  15100	0.0036513000	0.0012194400
  15200	0.0036223400	0.0011985800
  15300	0.0036456500	0.0012221300
  15400	0.0035294500	0.0011717300
  15500	0.0035603900	0.0011843600
  15600	0.0034980700	0.0011687200
  15700	0.0035101500	0.0011618300
  15800	0.0034754400	0.0011595200
  15900	0.0034829400	0.0011499300
  16000	0.0034201600	0.0011464800
  16100	0.0034194900	0.0011470200
  16200	0.0033871500	0.0011271200
  16300	0.0033478400	0.0011254300
  16400	0.0033281900	0.0011111600
  16500	0.0033069900	0.0011043600
  16600	0.0032679400	0.0010904300
  16700	0.0032853000	0.0010914800
  16800	0.0032350900	0.0010942400
  16900	0.0032292700	0.0010839700
  17000	0.0032032700	0.0010683400
  17100	0.0032031000	0.0010648700
  17200	0.0031743800	0.0010679600
  17300	0.0031643200	0.0010559700
  17400	0.0031386300	0.0010416100
  17500	0.0031030600	0.0010284000
  17600	0.0031111700	0.0010409000
  17700	0.0030563100	0.0009965550
  17800	0.0030612500	0.0010184700
  17900	0.0030592300	0.0010219500
  18000	0.0030322600	0.0009993670
  18100	0.0030000800	0.0009972330
  18200	0.0029820200	0.0009975560
  18300	0.0029719200	0.0009844530
  18400	0.0029567100	0.0009855910
  18500	0.0029362700	0.0009832890
  18600	0.0029157800	0.0009724480
  18700	0.0029159200	0.0009716990
  18800	0.0029014400	0.0009679830
  18900	0.0028824500	0.0009605610
  19000	0.0028992400	0.0009730100
  19100	0.0028494100	0.0009464480
  19200	0.0028405200	0.0009467320
  19300	0.0028434800	0.0009375220
  19400	0.0027970900	0.0009314480
  19500	0.0028375600	0.0009434850
  19600	0.0027926300	0.0009280060
  19700	0.0027663800	0.0009245670
  19800	0.0027663100	0.0009286260
  19900	0.0027480700	0.0009139500
  20000	0.0027324300	0.0009080160
  20100	0.0027351200	0.0009126500
  20200	0.0027049300	0.0009022770
  20300	0.0026958200	0.0008936960
  20400	0.0026831000	0.0008994870
  20500	0.0026587400	0.0008890720
  20600	0.0026524700	0.0008896090
  20700	0.0026678400	0.0008959050
  20800	0.0026399400	0.0008762320
  20900	0.0026430600	0.0008740480
  21000	0.0026275400	0.0008740530
  21100	0.0026147000	0.0008605090
  21200	0.0026099300	0.0008690580
  21300	0.0026169300	0.0008690020
  21400	0.0025854100	0.0008670910
  21500	0.0025758700	0.0008602840
  21600	0.0025855000	0.0008711170
  21700	0.0025616500	0.0008704500
  21800	0.0025346300	0.0008433380
  21900	0.0025254300	0.0008540630
  22000	0.0025180000	0.0008431070
  22100	0.0025245800	0.0008439960
  22200	0.0025267400	0.0008416840
  22300	0.0025026900	0.0008277600
  22400	0.0025065000	0.0008396870
  22500	0.0024920300	0.0008194940
  22600	0.0024981100	0.0008381580
  22700	0.0024735100	0.0008236160
  22800	0.0024715700	0.0008240630
  22900	0.0024498300	0.0008174590
  23000	0.0024802300	0.0008210670
  23100	0.0024519100	0.0008230440
  23200	0.0024348100	0.0008136280
  23300	0.0024492500	0.0008157600
  23400	0.0024556700	0.0008250180
  23500	0.0024362600	0.0008208560
  23600	0.0024364700	0.0008269990
  23700	0.0023987300	0.0007994740
  23800	0.0024002100	0.0008110770
  23900	0.0024014500	0.0007931100
  24000	0.0023961400	0.0007986840
  24100	0.0023771200	0.0007795510
  24200	0.0023736500	0.0007927210
  24300	0.0023819500	0.0007971700
  24400	0.0023825500	0.0008000520
  24500	0.0023663500	0.0007888340
  24600	0.0023601900	0.0007851570
  24700	0.0023648900	0.0007816420
  24800	0.0023684700	0.0007940930
  24900	0.0023510900	0.0007849470
  25000	0.0023452300	0.0007770920
  25100	0.0023300100	0.0007831630
  25200	0.0023365800	0.0007813760
  25300	0.0023154200	0.0007772590
  25400	0.0023305800	0.0007699040
  25500	0.0023183000	0.0007849050
  25600	0.0023218900	0.0007769450
  25700	0.0023239900	0.0007808790
  25800	0.0023048600	0.0007812280
  25900	0.0023088900	0.0007689890
  26000	0.0023007900	0.0007695840
  26100	0.0022851500	0.0007682640
  26200	0.0023189600	0.0007780250
  26300	0.0022809900	0.0007688170
  26400	0.0022806500	0.0007596230
  26500	0.0022984900	0.0007747910
  26600	0.0022838300	0.0007557430
  26700	0.0022914700	0.0007663740
  26800	0.0022976500	0.0007606880
  26900	0.0022918300	0.0007679870
  27000	0.0022918300	0.0007723350
  27100	0.0022845100	0.0007669640
  27200	0.0023004100	0.0007778850
  27300	0.0022723500	0.0007566330
  27400	0.0022752600	0.0007631530
  27500	0.0022860900	0.0007617810
  27600	0.0022696300	0.0007590990
  27700	0.0022716700	0.0007626200
  27800	0.0022785100	0.0007657110
  27900	0.0022593300	0.0007504340
  28000	0.0022772000	0.0007632420
  28100	0.0022552600	0.0007523440
  28200	0.0022686800	0.0007514660
  28300	0.0022729400	0.0007629750
  28400	0.0022664500	0.0007604730
  28500	0.0022571100	0.0007495740
  28600	0.0022726400	0.0007546800
  28700	0.0022811500	0.0007604400
  28800	0.0022673400	0.0007613940
  28900	0.0022766700	0.0007585550
  29000	0.0022599200	0.0007538000
  29100	0.0022697400	0.0007611130
  29200	0.0022774400	0.0007537460
  29300	0.0022768100	0.0007535510
  29400	0.0022746700	0.0007666160
  29500	0.0022918600	0.0007697540
  29600	0.0022862000	0.0007642950
  29700	0.0022749800	0.0007566840
  29800	0.0022919600	0.0007748480
  29900	0.0022605300	0.0007522070
  30000	0.0022631300	0.0007554890
  30100	0.0022650500	0.0007477600
  30200	0.0022790700	0.0007672410
  30300	0.0023000600	0.0007741510
  30400	0.0023015100	0.0007639810
  30500	0.0023092100	0.0007651210
  30600	0.0023268100	0.0007724890
  30700	0.0023249300	0.0007748810
  30800	0.0022891900	0.0007620850
  30900	0.0023042000	0.0007736680
  31000	0.0023082200	0.0007676700
  31100	0.0023034500	0.0007697930
  31200	0.0023365800	0.0007789050
  31300	0.0023262700	0.0007755840
  31400	0.0023531000	0.0007835920
  31500	0.0023487700	0.0007816870
  31600	0.0023539200	0.0007837250
  31700	0.0023457300	0.0007878450
  31800	0.0023507100	0.0007783880
  31900	0.0023597100	0.0007845410
  32000	0.0023605600	0.0007927140
  32100	0.0023786400	0.0008010440
  32200	0.0023776200	0.0007998180
  32300	0.0023974300	0.0007985400
  32400	0.0023835200	0.0007836820
  32500	0.0024193000	0.0007996200
  32600	0.0024242600	0.0007956260
  32700	0.0024168100	0.0008040880
  32800	0.0024418700	0.0008184500
  32900	0.0024361500	0.0008150240
  33000	0.0024635100	0.0008276290
  33100	0.0024684600	0.0008254210
  33200	0.0024464600	0.0008225910
  33300	0.0024941700	0.0008358300
  33400	0.0025060500	0.0008390260
  33500	0.0025058800	0.0008284480
  33600	0.0025159200	0.0008302400
  33700	0.0025244200	0.0008464390
  33800	0.0025221500	0.0008347840
  33900	0.0025463000	0.0008427260
  34000	0.0025596700	0.0008525920
  34100	0.0025558000	0.0008562060
  34200	0.0025775000	0.0008656950
  34300	0.0025939300	0.0008750520
  34400	0.0026090700	0.0008649840
  34500	0.0026263200	0.0008915230
  34600	0.0026433500	0.0008735150
  34700	0.0026555400	0.0008931020
  34800	0.0026602900	0.0008865290
  34900	0.0026775700	0.0009022150
  35000	0.0026772400	0.0008928210
  35100	0.0027057000	0.0009017070
  35200	0.0027251300	0.0008984150
  35300	0.0027192700	0.0009005710
  35400	0.0027470300	0.0009188830
  35500	0.0027585200	0.0009190160
  35600	0.0027801000	0.0009139910
  35700	0.0028010500	0.0009442010
  35800	0.0028207700	0.0009465190
  35900	0.0028417400	0.0009549440
  36000	0.0028482000	0.0009532170
  36100	0.0028900700	0.0009634390
  36200	0.0029211400	0.0009732850
  36300	0.0029082800	0.0009611830
  36400	0.0029771200	0.0009904860
  36500	0.0029512300	0.0009785740
  36600	0.0029727700	0.0009862660
  36700	0.0030405600	0.0010147300
  36800	0.0030346000	0.0010179300
  36900	0.0030513500	0.0010231100
  37000	0.0031149600	0.0010404500
  37100	0.0031351500	0.0010511800
  37200	0.0031783100	0.0010467200
  37300	0.0031910000	0.0010580300
  37400	0.0032099300	0.0010596700
  37500	0.0032293200	0.0010640700
  37600	0.0032584300	0.0010759400
  37700	0.0032870700	0.0010778200
  37800	0.0033011200	0.0011058200
  37900	0.0033635400	0.0011218400
  38000	0.0033731300	0.0011218900
  38100	0.0034187500	0.0011430300
  38200	0.0034734700	0.0011620200
  38300	0.0034873700	0.0011580300
  38400	0.0035491700	0.0011670600
  38500	0.0035385400	0.0011763600
  38600	0.0035679200	0.0011914400
  38700	0.0036078700	0.0012032600
  38800	0.0036340700	0.0012014500
  38900	0.0036844500	0.0012158500
  39000	0.0037128700	0.0012309400
  39100	0.0037532400	0.0012445200
  39200	0.0037800000	0.0012488600
  39300	0.0038221200	0.0012775000
  39400	0.0038717600	0.0012783800
  39500	0.0038910900	0.0012883000
  39600	0.0039576000	0.0013127600
  39700	0.0039888100	0.0013245000
  39800	0.0040248100	0.0013442000
  39900	0.0040585100	0.0013539200
  40000	0.0041175700	0.0013683400
  40100	0.0041446300	0.0013713700
  40200	0.0042063500	0.0014025900
  40300	0.0042303700	0.0014020700
  40400	0.0042538300	0.0014099200
  40500	0.0043259600	0.0014548300
  40600	0.0044114400	0.0014850300
  40700	0.0043960600	0.0014752400
  40800	0.0044771600	0.0014729100
  40900	0.0045476300	0.0015113400
  41000	0.0045791500	0.0015374100
  41100	0.0045913700	0.0015276900
  41200	0.0046806600	0.0015577900
  41300	0.0047152000	0.0015793800
  41400	0.0047803000	0.0015807700
  41500	0.0048234300	0.0016232700
  41600	0.0048959000	0.0016348300
  41700	0.0049443200	0.0016613100
  41800	0.0049817700	0.0016545800
  41900	0.0050339500	0.0016739800
  42000	0.0051046500	0.0017034400
  42100	0.0051448400	0.0017039400
  42200	0.0052274300	0.0017564400
  42300	0.0052188600	0.0017326300
  42400	0.0053561000	0.0018069200
  42500	0.0053985100	0.0018070300
  42600	0.0054358700	0.0017921600
  42700	0.0055290700	0.0018630100
  42800	0.0055272300	0.0018537900
  42900	0.0055832500	0.0018587300
  43000	0.0056667500	0.0019112400
  43100	0.0057054400	0.0018954900
  43200	0.0057855000	0.0019395100
  43300	0.0058496600	0.0019846600
  43400	0.0059035000	0.0019591800
  43500	0.0060014800	0.0020092900
  43600	0.0060329900	0.0020000200
  43700	0.0060755100	0.0020155100
  43800	0.0061287800	0.0020470700
  43900	0.0061828100	0.0020538100
  44000	0.0061746600	0.0020653800
  44100	0.0062775700	0.0020951400
  44200	0.0062533200	0.0020737500
  44300	0.0064448200	0.0021287700
  44400	0.0065344800	0.0021802500
  44500	0.0065059200	0.0021723000
  44600	0.0065881500	0.0021537000
  44700	0.0066987300	0.0022540100
  44800	0.0067209400	0.0022495100
  44900	0.0068305600	0.0022711700
  45000	0.0068039700	0.0022786500
  45100	0.0068558800	0.0022763100
  45200	0.0069201900	0.0023069700
  45300	0.0069975100	0.0023219800
  45400	0.0071010300	0.0023509500
  45500	0.0071554100	0.0023782300
  45600	0.0071768900	0.0024070000
  45700	0.0071965500	0.0023945100
  45800	0.0072379100	0.0023900900
  45900	0.0073511700	0.0024367100
  46000	0.0074085100	0.0024793700
  46100	0.0074313600	0.0024658200
  46200	0.0075247300	0.0025045800
  46300	0.0075529200	0.0025004700
  46400	0.0076559000	0.0025427800
  46500	0.0077148100	0.0025881600
  46600	0.0076999600	0.0025627800
  46700	0.0077082100	0.0025558800
  46800	0.0077331600	0.0025883000
  46900	0.0078152700	0.0025881600
  47000	0.0078999700	0.0026525200
  47100	0.0079832100	0.0026745900
  47200	0.0080019700	0.0026595500
  47300	0.0080171500	0.0026419500
  47400	0.0080402100	0.0026354200
  47500	0.0081051900	0.0026673600
  47600	0.0081750700	0.0026921300
  47700	0.0082614300	0.0027596000
  47800	0.0082467400	0.0027212400
  47900	0.0082521100	0.0027296300
  48000	0.0083307100	0.0027574500
  48100	0.0083386600	0.0027701200
  48200	0.0084054100	0.0027876500
  48300	0.0084177500	0.0028294800
  48400	0.0084779000	0.0028308300
  48500	0.0085496000	0.0028353700
  48600	0.0085929200	0.0028976100
  48700	0.0085535400	0.0028288600
  48800	0.0086057300	0.0028451100
  48900	0.0086310000	0.0028536100
  49000	0.0087401600	0.0029041100
  49100	0.0086878600	0.0029147900
  49200	0.0087365300	0.0029268600
  49300	0.0087907100	0.0029378600
  49400	0.0087702500	0.0029270400
  49500	0.0088196500	0.0029614000
  49600	0.0087925600	0.0029287700
  49700	0.0088149000	0.0029424600
  49800	0.0088569700	0.0029877000
  49900	0.0088723000	0.0029383100
  50000	0.0088755200	0.0029658400
  50100	0.0089537600	0.0030091000
  50200	0.0088724400	0.0029691600
  50300	0.0089064700	0.0029941900
  50400	0.0089703600	0.0029957400
  50500	0.0089637700	0.0030008200
  50600	0.0089842600	0.0030236000
  50700	0.0090035800	0.0029745600
  50800	0.0089221100	0.0029895700
  50900	0.0090476500	0.0030601800
  51000	0.0090217500	0.0030139100
  51100	0.0090368400	0.0030164100
  51200	0.0089675100	0.0030096700
  51300	0.0089630600	0.0030130400
  51400	0.0090215800	0.0030105100
  51500	0.0090370700	0.0030308700
  51600	0.0089580700	0.0030211500
  51700	0.0090272300	0.0030366500
  51800	0.0090199600	0.0030389900
  51900	0.0089804700	0.0030319200
  52000	0.0090033100	0.0030305100
  52100	0.0089516800	0.0029987200
  52200	0.0090489700	0.0030155400
  52300	0.0090192200	0.0030155000
  52400	0.0089307700	0.0029935300
  52500	0.0089291700	0.0029818200
  52600	0.0089360600	0.0030005300
  52700	0.0090070100	0.0030329600
  52800	0.0089707200	0.0030002100
  52900	0.0089807100	0.0030183900
  53000	0.0089449600	0.0029874700
  53100	0.0088718000	0.0029595500
  53200	0.0088523200	0.0029467400
  53300	0.0088700800	0.0029632900
  53400	0.0088440400	0.0029493000
  53500	0.0088310700	0.0029380600
  53600	0.0088342700	0.0029431500
  53700	0.0088278400	0.0029159900
  53800	0.0088183400	0.0029331500
  53900	0.0088021800	0.0029366600
  54000	0.0087419800	0.0029455900
  54100	0.0087117800	0.0028986100
  54200	0.0086445200	0.0028962700
  54300	0.0086140200	0.0029167600
  54400	0.0086668700	0.0028979800
  54500	0.0084989000	0.0028464600
  54600	0.0086318100	0.0028825900
  54700	0.0085859300	0.0028653000
  54800	0.0085670200	0.0028450100
  54900	0.0085069000	0.0028255300
  55000	0.0084573100	0.0028415400
  55100	0.0084270200	0.0028037100
  55200	0.0084099900	0.0028328800
  55300	0.0083127400	0.0027941300
  55400	0.0083084000	0.0027748800
  55500	0.0082329200	0.0027674200
  55600	0.0082214200	0.0027390000
  55700	0.0082237000	0.0027315200
  55800	0.0082236800	0.0027637200
  55900	0.0080837900	0.0027085200
  56000	0.0081033600	0.0027193300
  56100	0.0080477000	0.0026849100
  56200	0.0080344400	0.0026793600
  56300	0.0080275200	0.0026867600
  56400	0.0079290700	0.0026328800
  56500	0.0079463200	0.0026525400
  56600	0.0078921500	0.0026409400
  56700	0.0078808500	0.0026425400
  56800	0.0078428900	0.0026093600
  56900	0.0077768200	0.0025929800
  57000	0.0077313700	0.0026164400
  57100	0.0077375000	0.0025548600
  57200	0.0076388400	0.0025508000
  57300	0.0076797300	0.0025379800
  57400	0.0076151400	0.0025689200
  57500	0.0075392500	0.0025329100
  57600	0.0075692200	0.0025573800
  57700	0.0075066100	0.0025193400
  57800	0.0074522100	0.0024794000
  57900	0.0074279600	0.0025070800
  58000	0.0073927800	0.0024401200
  58100	0.0073478500	0.0024421400
  58200	0.0072830800	0.0024574000
  58300	0.0073015900	0.0024253700
  58400	0.0071679700	0.0023961000
  58500	0.0071454100	0.0023824500
  58600	0.0071518400	0.0023697400
  58700	0.0071058800	0.0023654500
  58800	0.0070398700	0.0023512200
  58900	0.0069966800	0.0023593600
  59000	0.0069829100	0.0023149700
  59100	0.0069404000	0.0023102500
  59200	0.0069296600	0.0023092600
  59300	0.0068302500	0.0022776800
  59400	0.0068520500	0.0022883900
  59500	0.0067581900	0.0022547500
  59600	0.0067597700	0.0022472200
  59700	0.0067215700	0.0022348000
  59800	0.0066257500	0.0022092300
  59900	0.0066222900	0.0022070300
  60000	0.0065695100	0.0021920200
  60100	0.0065801700	0.0022075600
  60200	0.0065877300	0.0022048900
  60300	0.0064893300	0.0021574600
  60400	0.0064111500	0.0021632200
  60500	0.0064066400	0.0021267300
  60600	0.0063777300	0.0021496000
  60700	0.0063091700	0.0020988900
  60800	0.0063143000	0.0021082200
  60900	0.0062406500	0.0020763500
  61000	0.0061592800	0.0020647800
  61100	0.0062264100	0.0020694900
  61200	0.0060847000	0.0020433100
  61300	0.0061071900	0.0020485900
  61400	0.0060284400	0.0019999900
  61500	0.0059857100	0.0019948900
  61600	0.0059885200	0.0020060000
  61700	0.0059511500	0.0019774100
  61800	0.0058749500	0.0019776200
  61900	0.0058938100	0.0019653100
  62000	0.0058427400	0.0019379200
  62100	0.0057818100	0.0019381900
  62200	0.0057631200	0.0018934100
  62300	0.0056945500	0.0019126300
  62400	0.0056352300	0.0018639800
  62500	0.0056647400	0.0018699300
  62600	0.0055637500	0.0018723100
  62700	0.0055974300	0.0018493000
  62800	0.0055639100	0.0018392700
  62900	0.0055151700	0.0018256800
  63000	0.0055111100	0.0018252700
  63100	0.0054838300	0.0018362000
  63200	0.0054233200	0.0018204400
  63300	0.0053975000	0.0017910400
  63400	0.0053540700	0.0017950300
  63500	0.0053353300	0.0017610700
  63600	0.0053039300	0.0017872200
  63700	0.0052510900	0.0017466100
  63800	0.0052475500	0.0017389800
  63900	0.0051972600	0.0017439000
  64000	0.0051856900	0.0017290000
  64100	0.0050832000	0.0016962900
  64200	0.0051394100	0.0017037400
  64300	0.0050590800	0.0016841600
  64400	0.0050640600	0.0016859500
  64500	0.0050141200	0.0016625900
  64600	0.0049812400	0.0016496000
  64700	0.0049949700	0.0016775900
  64800	0.0049592200	0.0016577100
  64900	0.0049101300	0.0016556400
  65000	0.0048553300	0.0016147700
  65100	0.0048370900	0.0016145000
  65200	0.0048220500	0.0016151700
  65300	0.0047645600	0.0016221300
  65400	0.0047303600	0.0015828800
  65500	0.0047297300	0.0016000100
  65600	0.0046938000	0.0015603500
  65700	0.0046749800	0.0015806900
  65800	0.0046569400	0.0015716400
  65900	0.0046323800	0.0015549600
  66000	0.0046215300	0.0015401300
  66100	0.0045513400	0.0015307500
  66200	0.0045648200	0.0015196500
  66300	0.0044699600	0.0014900700
  66400	0.0044975600	0.0015123000
  66500	0.0044181400	0.0014823000
  66600	0.0044470400	0.0014966300
  66700	0.0043682800	0.0014550500
  66800	0.0043925100	0.0014892700
  66900	0.0043985300	0.0014859500
  67000	0.0043367500	0.0014523300
  67100	0.0043375500	0.0014507500
  67200	0.0042713300	0.0014126600
  67300	0.0042445500	0.0014282800
  67400	0.0042668300	0.0014301100
  67500	0.0042222400	0.0014200000
  67600	0.0042341800	0.0014083500
  67700	0.0041761300	0.0014017500
  67800	0.0041789400	0.0014095700
  67900	0.0041384800	0.0013746900
  68000	0.0041145400	0.0013784400
  68100	0.0040811000	0.0013450500
  68200	0.0040603400	0.0013636300
  68300	0.0040573700	0.0013570600
  68400	0.0040566100	0.0013569800
  68500	0.0040197900	0.0013441700
  68600	0.0039945400	0.0013274100
  68700	0.0040017200	0.0013267800
  68800	0.0039916500	0.0013354000
  68900	0.0039236400	0.0013067300
  69000	0.0039195700	0.0012988900
  69100	0.0038706800	0.0012886500
  69200	0.0038763800	0.0012854000
  69300	0.0038507000	0.0012893800
  69400	0.0038421600	0.0012813000
  69500	0.0038290700	0.0012794400
  69600	0.0038162200	0.0012592500
  69700	0.0038093800	0.0012777500
  69800	0.0037581300	0.0012632900
  69900	0.0037320900	0.0012404900
  70000	0.0037133400	0.0012594200
  70100	0.0036931300	0.0012295600
  70200	0.0036682800	0.0012063000
  70300	0.0036820800	0.0012361400
  70400	0.0036410000	0.0011950300
  70500	0.0036484000	0.0012179700
  70600	0.0036278500	0.0012280800
  70700	0.0035814200	0.0012073900
  70800	0.0035890400	0.0012010900
  70900	0.0035752000	0.0012048000
  71000	0.0035640000	0.0011927300
  71100	0.0035419500	0.0011884400
  71200	0.0035199000	0.0011744400
  71300	0.0035239900	0.0011812000
  71400	0.0034911700	0.0011541800
  71500	0.0034779300	0.0011668600
  71600	0.0034457100	0.0011498100
  71700	0.0034370800	0.0011456800
  71800	0.0034179100	0.0011482200
  71900	0.0034042500	0.0011282600
  72000	0.0034052500	0.0011321600
  72100	0.0033947500	0.0011334300
  72200	0.0033496900	0.0011117200
  72300	0.0033628200	0.0011312000
  72400	0.0033443200	0.0011208100
  72500	0.0033453600	0.0011234700
  72600	0.0033221900	0.0010909300
  72700	0.0032981100	0.0011018200
  72800	0.0033023100	0.0010965000
  72900	0.0032743400	0.0010882600
  73000	0.0032948600	0.0010781900
  73100	0.0032792700	0.0010854800
  73200	0.0032768700	0.0010976400
  73300	0.0032657400	0.0010827800
  73400	0.0032510100	0.0010844200
  73500	0.0032267200	0.0010745800
  73600	0.0032244300	0.0010702400
  73700	0.0032026500	0.0010584000
  73800	0.0032006000	0.0010592400
  73900	0.0031970100	0.0010631100
  74000	0.0031640100	0.0010562500
  74100	0.0031733400	0.0010621000
  74200	0.0031506000	0.0010475600
  74300	0.0031497400	0.0010521800
  74400	0.0031338100	0.0010489900
  74500	0.0031215500	0.0010383200
  74600	0.0031393100	0.0010469000
  74700	0.0031159000	0.0010394800
  74800	0.0031080600	0.0010362300
  74900	0.0030858200	0.0010326400
  75000	0.0030444000	0.0010249800
  75100	0.0030626400	0.0010257900
  75200	0.0030675300	0.0010201300
  75300	0.0030359000	0.0010231600
  75400	0.0030329000	0.0010208700
  75500	0.0030173100	0.0010084800
  75600	0.0030073200	0.0010078100
  75700	0.0030187800	0.0009972110
  75800	0.0030163700	0.0010130100
  75900	0.0030023200	0.0010112800
  76000	0.0029927200	0.0009955580
  76100	0.0029856500	0.0010021200
  76200	0.0030009300	0.0009981800
  76300	0.0029854800	0.0010006600
  76400	0.0029703000	0.0009881680
  76500	0.0029824900	0.0009920820
  76600	0.0029497300	0.0009908640
  76700	0.0029741200	0.0009793440
  76800	0.0029656500	0.0009910650
  76900	0.0029527300	0.0009764970
  77000	0.0029620600	0.0009838300
  77100	0.0029490000	0.0009846920
  77200	0.0029427500	0.0009845600
  77300	0.0029396200	0.0009852160
  77400	0.0029173500	0.0009704230
  77500	0.0029230600	0.0009835700
  77600	0.0028958400	0.0009726990
  77700	0.0029075900	0.0009691480
  77800	0.0029127100	0.0009775320
  77900	0.0028965400	0.0009548420
  78000	0.0029142100	0.0009762190
  78100	0.0029108500	0.0009795500
  78200	0.0028708900	0.0009530300
  78300	0.0028935300	0.0009749810
  78400	0.0028871100	0.0009642290
  78500	0.0028786000	0.0009683750
  78600	0.0028945100	0.0009734420
  78700	0.0028979200	0.0009647440
  78800	0.0028987800	0.0009708930
  78900	0.0028798300	0.0009611580
  79000	0.0028754000	0.0009625830
  79100	0.0028937200	0.0009777440
  79200	0.0028824400	0.0009760480
  79300	0.0028780500	0.0009603650
  79400	0.0028803100	0.0009724360
  79500	0.0028724600	0.0009585930
  79600	0.0028849900	0.0009631050
  79700	0.0028587700	0.0009627060
  79800	0.0028522400	0.0009524720
  79900	0.0028586800	0.0009531060
  80000	0.0028407900	0.0009522810
  80100	0.0028669700	0.0009616790
  80200	0.0028562300	0.0009479240
  80300	0.0028570100	0.0009590060
  80400	0.0028863400	0.0009586340
  80500	0.0028623100	0.0009665560
  80600	0.0028680800	0.0009537410
  80700	0.0028488300	0.0009523840
  80800	0.0028741300	0.0009576000
  80900	0.0028369900	0.0009458430
  81000	0.0028556500	0.0009586910
  81100	0.0028570900	0.0009444640
  81200	0.0028633900	0.0009597020
  81300	0.0028401000	0.0009460630
  81400	0.0028651000	0.0009531970
  81500	0.0028641100	0.0009605600
  81600	0.0028595300	0.0009645400
  81700	0.0028666800	0.0009642460
  81800	0.0028540900	0.0009572560
  81900	0.0028834600	0.0009622410
  82000	0.0028614300	0.0009497940
  82100	0.0028792700	0.0009513800
  82200	0.0028601300	0.0009456800
  82300	0.0028849400	0.0009574690
  82400	0.0028702700	0.0009582900
  82500	0.0028789100	0.0009627730
  82600	0.0028518100	0.0009483600
  82700	0.0028635700	0.0009450210
  82800	0.0028705600	0.0009519770
  82900	0.0028787100	0.0009476640
  83000	0.0028443500	0.0009431610
  83100	0.0028818600	0.0009634550
  83200	0.0028669300	0.0009481510
  83300	0.0028836900	0.0009649160
  83400	0.0028923700	0.0009701170
  83500	0.0028692400	0.0009603560
  83600	0.0029050400	0.0009654610
  83700	0.0028860100	0.0009674690
  83800	0.0028944000	0.0009563020
  83900	0.0029389100	0.0009949480
  84000	0.0029214700	0.0009731180
  84100	0.0029098400	0.0009669490
  84200	0.0029335100	0.0009756690
  84300	0.0029240900	0.0009663770
  84400	0.0029383400	0.0009837720
  84500	0.0029208900	0.0009797290
  84600	0.0029035200	0.0009670730
  84700	0.0029142800	0.0009906710
  84800	0.0029638100	0.0009860710
  84900	0.0029448000	0.0009763900
  85000	0.0029647200	0.0009883380
  85100	0.0029580000	0.0009849140
  85200	0.0029727300	0.0009924150
  85300	0.0029637100	0.0009854760
  85400	0.0029819400	0.0009889760
  85500	0.0029792900	0.0010046400
  85600	0.0029574900	0.0009890380
  85700	0.0029875700	0.0010034100
  85800	0.0029977100	0.0010103000
  85900	0.0029916600	0.0010010900
  86000	0.0030149200	0.0010038500
  86100	0.0030055600	0.0010094900
  86200	0.0030347800	0.0010049900
  86300	0.0030084300	0.0010027400
  86400	0.0030239900	0.0010166000
  86500	0.0030270600	0.0010097700
  86600	0.0030479900	0.0010303700
  86700	0.0030259500	0.0010056500
  86800	0.0030571500	0.0010314600
  86900	0.0030546300	0.0010184100
  87000	0.0030702700	0.0010128900
  87100	0.0031015200	0.0010330300
  87200	0.0030693600	0.0010286900
  87300	0.0030814200	0.0010422000
  87400	0.0030971600	0.0010415600
  87500	0.0030906800	0.0010404000
  87600	0.0031153800	0.0010463700
  87700	0.0031014400	0.0010364400
  87800	0.0031292000	0.0010533500
  87900	0.0031342900	0.0010484800
  88000	0.0031505200	0.0010459100
  88100	0.0031634600	0.0010600300
  88200	0.0031715700	0.0010470000
  88300	0.0031373800	0.0010424000
  88400	0.0031685100	0.0010558300
  88500	0.0031884200	0.0010449100
  88600	0.0031707400	0.0010615600
  88700	0.0032198000	0.0010767700
  88800	0.0032129300	0.0010775600
  88900	0.0032114900	0.0010676800
  89000	0.0032263100	0.0010640800
  89100	0.0032366400	0.0010793100
  89200	0.0032626300	0.0010804300
  89300	0.0032456400	0.0010866800
  89400	0.0032820800	0.0010836400
  89500	0.0032892400	0.0010958500
  89600	0.0032942500	0.0010994100
  89700	0.0032822500	0.0010983300
  89800	0.0033094900	0.0010927300
  89900	0.0033072300	0.0011122200
  90000	0.0033222600	0.0011083000
  90100	0.0033156500	0.0011050000
  90200	0.0033354500	0.0011030900
  90300	0.0033330100	0.0011054900
  90400	0.0033614100	0.0011118400
  90500	0.0033545200	0.0011170900
  90600	0.0033768200	0.0011267100
  90700	0.0033848100	0.0011210300
  90800	0.0034079300	0.0011524400
  90900	0.0034330800	0.0011239600
  91000	0.0034061300	0.0011214400
  91100	0.0034383300	0.0011432100
  91200	0.0034313900	0.0011330800
  91300	0.0034672400	0.0011534500
  91400	0.0034884600	0.0011545400
  91500	0.0034905500	0.0011563400
  91600	0.0035194700	0.0011631700
  91700	0.0035244700	0.0011710700
  91800	0.0035603000	0.0011888500
  91900	0.0035424500	0.0011787300
  92000	0.0035857900	0.0012098500
  92100	0.0035625000	0.0011744600
  92200	0.0035732900	0.0011867200
  92300	0.0036048900	0.0012070400
  92400	0.0036185600	0.0012113500
  92500	0.0036473900	0.0012196600
  92600	0.0036567700	0.0012203200
  92700	0.0036425200	0.0012136700
  92800	0.0036814000	0.0012318200
  92900	0.0036732100	0.0012310000
  93000	0.0037011900	0.0012233700
  93100	0.0037159600	0.0012416900
  93200	0.0037159100	0.0012372300
  93300	0.0037517700	0.0012372300
  93400	0.0037755000	0.0012572500
  93500	0.0038008900	0.0012542900
  93600	0.0038168400	0.0012838800
  93700	0.0038205200	0.0012689900
  93800	0.0038431300	0.0012775600
  93900	0.0038322500	0.0012814600
  94000	0.0038482400	0.0012829700
  94100	0.0038712600	0.0012988600
  94200	0.0039306600	0.0013021000
  94300	0.0039090500	0.0012969700
  94400	0.0039665300	0.0013248600
  94500	0.0039563800	0.0013166100
  94600	0.0039439200	0.0013015500
  94700	0.0039554200	0.0013200200
  94800	0.0039788400	0.0013189800
  94900	0.0039849800	0.0013246900
  95000	0.0039913900	0.0013180800
  95100	0.0040265100	0.0013511100
  95200	0.0040302900	0.0013471700
  95300	0.0040612400	0.0013537000
  95400	0.0040768100	0.0013686800
  95500	0.0041207200	0.0013825000
  95600	0.0040741500	0.0013416700
  95700	0.0041157500	0.0013904100
  95800	0.0041306400	0.0013845000
  95900	0.0041289300	0.0013925400
  96000	0.0041728700	0.0013967000
  96100	0.0042086200	0.0014082100
  96200	0.0041905000	0.0013922300
  96300	0.0042155900	0.0014058700
  96400	0.0042276100	0.0014069100
  96500	0.0042595500	0.0014218300
  96600	0.0042862300	0.0014372300
  96700	0.0042861800	0.0014325500
  96800	0.0042822000	0.0014239000
  96900	0.0043284000	0.0014589400
  97000	0.0043257400	0.0014380100
  97100	0.0043690900	0.0014473100
  97200	0.0043690400	0.0014639900
  97300	0.0043972100	0.0014788200
  97400	0.0043827500	0.0014748800
  97500	0.0044099900	0.0014744300
  97600	0.0044365500	0.0014928300
  97700	0.0044083800	0.0014622500
  97800	0.0044878000	0.0014863000
  97900	0.0044559400	0.0014714100
  98000	0.0044675400	0.0014982700
  98100	0.0045177500	0.0014951500
  98200	0.0045328700	0.0015072800
  98300	0.0045494200	0.0015379600
  98400	0.0045718100	0.0015107400
  98500	0.0045533000	0.0015031300
  98600	0.0045987500	0.0015234600
  98700	0.0046283600	0.0015272800
  98800	0.0046102000	0.0015302900
  98900	0.0046551600	0.0015350100
  99000	0.0046542300	0.0015352000
  99100	0.0046598300	0.0015648400
  99200	0.0046813900	0.0015539200
  99300	0.0047037500	0.0015782800
  99400	0.0046742000	0.0015697800
  99500	0.0047360000	0.0015660200
  99600	0.0046891300	0.0015688400
  99700	0.0046761500	0.0015479300
  99800	0.0046979800	0.0015501700
  99900	0.0047364400	0.0015811500
 100000	0.0047611500	0.0015921900
 100100	0.0048256200	0.0016086500
 100200	0.0047832500	0.0015954600
 100300	0.0048439500	0.0015909600
 100400	0.0047955800	0.0015903200
 100500	0.0048388200	0.0016109000
 100600	0.0048377800	0.0015959300
 100700	0.0048429800	0.0016190200
 100800	0.0048702900	0.0016375700
 100900	0.0048742200	0.0016209200
 101000	0.0049022600	0.0016264700
 101100	0.0048894400	0.0016380000
 101200	0.0049191600	0.0016228800
 101300	0.0049422600	0.0016440700
 101400	0.0049256100	0.0016389000
 101500	0.0049182800	0.0016369800
 101600	0.0049678300	0.0016441500
 101700	0.0049837100	0.0016607300
 101800	0.0050035600	0.0016431500
 101900	0.0050121200	0.0016524600
 102000	0.0049813600	0.0016449700
 102100	0.0050032700	0.0016753400
 102200	0.0049792000	0.0016562200
 102300	0.0050280600	0.0016833400
 102400	0.0051007600	0.0016807000
 102500	0.0050441300	0.0016772800
 102600	0.0050895800	0.0016866900
 102700	0.0050722200	0.0016940800
 102800	0.0050822200	0.0016842700
 102900	0.0050714100	0.0016845900
 103000	0.0050971100	0.0016809600
 103100	0.0050860000	0.0016709200
 103200	0.0051148900	0.0016829200
 103300	0.0051381100	0.0017003200
 103400	0.0051388300	0.0016935100
 103500	0.0051930400	0.0017359800
 103600	0.0051699500	0.0016983200
 103700	0.0051681100	0.0017266600
 103800	0.0051928900	0.0017319400
 103900	0.0051883000	0.0017250900
 104000	0.0052150100	0.0017533400
 104100	0.0052186300	0.0017703500
 104200	0.0052344000	0.0017419600
 104300	0.0052457800	0.0017709900
 104400	0.0052037700	0.0017624400
 104500	0.0052549200	0.0017489100
 104600	0.0052243500	0.0017284200
 104700	0.0052916700	0.0017595700
 104800	0.0052592100	0.0017575200
 104900	0.0052996800	0.0017742200
 105000	0.0052924300	0.0017898400
 105100	0.0052434700	0.0017475900
 105200	0.0052433200	0.0017477300
 105300	0.0052966600	0.0017747200
 105400	0.0052604100	0.0017458300
 105500	0.0052821500	0.0017762100
 105600	0.0053038600	0.0017702900
 105700	0.0052844000	0.0017646200
 105800	0.0053013500	0.0017753700
 105900	0.0052676300	0.0017732900
 106000	0.0053414300	0.0017603300
 106100	0.0052759300	0.0017891300
 106200	0.0053661000	0.0017704800
 106300	0.0053069400	0.0017785100
 106400	0.0053702000	0.0017952700
 106500	0.0053207600	0.0017588500
 106600	0.0053349800	0.0017652700
 106700	0.0054228400	0.0017913800
 106800	0.0053062000	0.0017608700
 106900	0.0053571800	0.0017967900
 107000	0.0054244600	0.0018041600
 107100	0.0053866100	0.0017954100
 107200	0.0054198900	0.0018074900
 107300	0.0054005700	0.0017855100
 107400	0.0053965200	0.0017931100
 107500	0.0053965300	0.0017997800
 107600	0.0054218700	0.0017981600
 107700	0.0054279600	0.0018049600
 107800	0.0054132200	0.0017775400
 107900	0.0054538200	0.0018264500
 108000	0.0054038600	0.0017813200
 108100	0.0054305300	0.0018307700
 108200	0.0054004000	0.0018027500
 108300	0.0054068900	0.0017794600
 108400	0.0054281500	0.0017988500
 108500	0.0054352100	0.0018066100
 108600	0.0054578700	0.0018038600
 108700	0.0054374600	0.0018063300
 108800	0.0054723800	0.0018138300
 108900	0.0054295600	0.0018052600
 109000	0.0054655200	0.0018424700
 109100	0.0054410000	0.0018091200
 109200	0.0054713000	0.0018283000
 109300	0.0054471400	0.0018249600
 109400	0.0054621800	0.0018386900
 109500	0.0054329000	0.0017850700
 109600	0.0054319300	0.0018361800
 109700	0.0054390200	0.0018261200
 109800	0.0054228200	0.0018064800
 109900	0.0054610800	0.0018318000
 110000	0.0054501600	0.0018214900
 110100	0.0054226700	0.0018257400
 110200	0.0054751500	0.0018307900
 110300	0.0054550500	0.0018378100
 110400	0.0054680400	0.0018300600
 110500	0.0054434700	0.0018087000
 110600	0.0054603500	0.0018167400
 110700	0.0054374800	0.0018061700
 110800	0.0054219300	0.0018034200
 110900	0.0054864200	0.0018295200
 111000	0.0054812400	0.0018532700
 111100	0.0054647600	0.0018348800
 111200	0.0054957800	0.0018255800
 111300	0.0054372800	0.0018014300
 111400	0.0054900900	0.0018304400
 111500	0.0054565500	0.0018004700
 111600	0.0055069300	0.0018559000
 111700	0.0054450200	0.0018124200
 111800	0.0054422700	0.0018263800
 111900	0.0054592500	0.0018294600
 112000	0.0054583000	0.0018256200
 112100	0.0054601400	0.0018217700
 112200	0.0054205300	0.0018144500
 112300	0.0054997800	0.0018281400
 112400	0.0054311600	0.0018018200
 112500	0.0054974800	0.0018220300
 112600	0.0054498900	0.0018090400
 112700	0.0054549000	0.0018118400
 112800	0.0054210900	0.0017826400
 112900	0.0054409200	0.0018137700
 113000	0.0054094200	0.0017961900
 113100	0.0054547500	0.0017950200
 113200	0.0054536900	0.0018075500
 113300	0.0054323700	0.0017882000
 113400	0.0054563000	0.0017993600
 113500	0.0054635300	0.0018077800
 113600	0.0054350400	0.0018034500
 113700	0.0054589400	0.0018049300
 113800	0.0054651200	0.0018095200
 113900	0.0054376800	0.0018202000
 114000	0.0054538300	0.0018249400
 114100	0.0054256500	0.0018151900
 114200	0.0054168000	0.0018032200
 114300	0.0054109400	0.0017765400
 114400	0.0054499900	0.0018083100
 114500	0.0054204000	0.0017967400
 114600	0.0054252800	0.0017927500
 114700	0.0053870300	0.0017999400
 114800	0.0054062400	0.0017964300
 114900	0.0054030600	0.0018088400
 115000	0.0054015300	0.0018118600
 115100	0.0054009200	0.0018128300
 115200	0.0053968000	0.0017945400
 115300	0.0054133500	0.0018226400
 115400	0.0054253000	0.0018101500
 115500	0.0053622700	0.0017873400
 115600	0.0054090500	0.0018036200
 115700	0.0053583400	0.0017945700
 115800	0.0053623200	0.0017832500
 115900	0.0053544000	0.0017943800
 116000	0.0053642400	0.0017999600
 116100	0.0053670900	0.0018135600
 116200	0.0053893100	0.0017956500
 116300	0.0053993400	0.0018171200
 116400	0.0053200900	0.0017793000
 116500	0.0053878100	0.0017958800
 116600	0.0053487700	0.0017788500
 116700	0.0053696700	0.0017847800
 116800	0.0053485900	0.0017816900
 116900	0.0053220600	0.0018045700
 117000	0.0053686800	0.0017843000
 117100	0.0053420900	0.0017873800
 117200	0.0053354500	0.0017525200
 117300	0.0053554800	0.0017930200
 117400	0.0053079700	0.0017732300
 117500	0.0053552100	0.0017804900
 117600	0.0053430000	0.0017698600
 117700	0.0053473400	0.0017996400
 117800	0.0053261200	0.0017723900
 117900	0.0053476100	0.0017732000
 118000	0.0052932300	0.0017632900
 118100	0.0053311800	0.0017756800
 118200	0.0053017000	0.0017402400
 118300	0.0053206100	0.0017804000
 118400	0.0052938500	0.0017472800
 118500	0.0052698000	0.0017709600
 118600	0.0052688400	0.0017650000
 118700	0.0052992100	0.0017860600
 118800	0.0052887300	0.0017698400
 118900	0.0052631400	0.0017579500
 119000	0.0052916300	0.0017608300
 119100	0.0052799500	0.0017714800
 119200	0.0052700600	0.0017441700
 119300	0.0052775600	0.0017671800
 119400	0.0052227800	0.0017527100
 119500	0.0052300300	0.0017506600
 119600	0.0052821200	0.0017570100
 119700	0.0052098100	0.0017479800
 119800	0.0052297000	0.0017599800
 119900	0.0052071200	0.0017526800
 120000	0.0052206400	0.0017163400
 120100	0.0052324700	0.0017504300
 120200	0.0052132900	0.0017325600
 120300	0.0052260300	0.0017508200
 120400	0.0051984900	0.0017542500
 120500	0.0052200000	0.0017288000
 120600	0.0051439700	0.0017108700
 120700	0.0051895100	0.0017292100
 120800	0.0051382500	0.0017043200
 120900	0.0051685800	0.0017484000
 121000	0.0052014500	0.0017421500
 121100	0.0051752000	0.0017243900
 121200	0.0051240500	0.0017123700
 121300	0.0051859000	0.0017181300
 121400	0.0051416900	0.0017173500
 121500	0.0051162400	0.0017148800
 121600	0.0051634200	0.0017173300
 121700	0.0051905000	0.0017401500
 121800	0.0051339400	0.0017067500
 121900	0.0051760700	0.0017443300
 122000	0.0051053100	0.0016937100
 122100	0.0051427700	0.0017345500
 122200	0.0051689600	0.0017135400
 122300	0.0051200100	0.0017173800
 122400	0.0051351300	0.0017148700
 122500	0.0051174700	0.0017246200
 122600	0.0050953500	0.0017215100
 122700	0.0051390800	0.0017453500
 122800	0.0051361900	0.0017102500
 122900	0.0051074100	0.0016968300
 123000	0.0050952100	0.0016899500
 123100	0.0050793700	0.0016923500
 123200	0.0050528500	0.0016765400
 123300	0.0051099400	0.0017096500
 123400	0.0050587900	0.0016740400
 123500	0.0050726100	0.0016797600
 123600	0.0050766300	0.0016901800
 123700	0.0050384600	0.0016738700
 123800	0.0050746700	0.0017059600
 123900	0.0050672400	0.0016917500
 124000	0.0050740500	0.0016829500
 124100	0.0050234800	0.0016847400
 124200	0.0050458700	0.0016885600
 124300	0.0050331000	0.0016848800
 124400	0.0050154900	0.0016595500
 124500	0.0050004400	0.0016569000
 124600	0.0050118100	0.0016727500
 124700	0.0049600000	0.0016563100
 124800	0.0049873200	0.0016642600
 124900	0.0049966500	0.0016765000
 125000	0.0049596500	0.0016616200
 125100	0.0049774400	0.0016606800
 125200	0.0049467200	0.0016241000
 125300	0.0049481600	0.0016400800
 125400	0.0049423900	0.0016385900
 125500	0.0049035100	0.0016271900
 125600	0.0049233700	0.0016325700
 125700	0.0048969000	0.0016346200
 125800	0.0049604600	0.0016461100
 125900	0.0048903600	0.0016305600
 126000	0.0049185700	0.0016374200
 126100	0.0049113200	0.0016369200
 126200	0.0048968300	0.0016265800
 126300	0.0049249900	0.0016496400
 126400	0.0048529000	0.0016180300
 126500	0.0049032000	0.0016472200
 126600	0.0049033900	0.0016498200
 126700	0.0048730900	0.0016228700
 126800	0.0048872500	0.0016328000
 126900	0.0048260200	0.0016148100
 127000	0.0048427800	0.0016146300
 127100	0.0048512600	0.0016167000
 127200	0.0048583700	0.0016266200
 127300	0.0048089700	0.0016141100
 127400	0.0048520600	0.0016260100
 127500	0.0047918500	0.0015997400
 127600	0.0048062500	0.0015991200
 127700	0.0048200300	0.0016148100
 127800	0.0047673300	0.0015940900
 127900	0.0047938300	0.0015985200
 128000	0.0047998100	0.0015914500
 128100	0.0047903900	0.0015990400
 128200	0.0047847900	0.0015994200
 128300	0.0047596600	0.0015822900
 128400	0.0047059100	0.0015793400
 128500	0.0047510200	0.0015925800
 128600	0.0047432900	0.0015771900
 128700	0.0047509900	0.0015952600
 128800	0.0047628100	0.0015840200
 128900	0.0047427700	0.0015879400
 129000	0.0047131700	0.0015673500
 129100	0.0047229400	0.0015780700
 129200	0.0047233800	0.0015950600
 129300	0.0047213900	0.0015750500
 129400	0.0046905200	0.0015780000
 129500	0.0046786500	0.0015569400
 129600	0.0046976200	0.0015803600
 129700	0.0046589000	0.0015663700
 129800	0.0046569400	0.0015674900
 129900	0.0046496100	0.0015541000
 130000	0.0046535000	0.0015741400
 130100	0.0046678900	0.0015543300
 130200	0.0046584800	0.0015529600
 130300	0.0046522700	0.0015368800
 130400	0.0046409000	0.0015358900
 130500	0.0046262300	0.0015350500
 130600	0.0046199900	0.0015494200
 130700	0.0046390300	0.0015557300
 130800	0.0046312900	0.0015505800
 130900	0.0046181800	0.0015369600
 131000	0.0046230600	0.0015510100
 131100	0.0046161400	0.0015272000
 131200	0.0045970000	0.0015346800
 131300	0.0045707000	0.0015146700
 131400	0.0045830700	0.0015260900
 131500	0.0046256100	0.0015280200
 131600	0.0046103000	0.0015233100
 131700	0.0046186700	0.0015476500
 131800	0.0045559200	0.0015017500
 131900	0.0045619600	0.0015217900
 132000	0.0045591500	0.0015314600
 132100	0.0045881900	0.0015359900
 132200	0.0045907600	0.0015241200
 132300	0.0045502700	0.0015264400
 132400	0.0045745500	0.0015080400
 132500	0.0045297300	0.0015150200
 132600	0.0045303900	0.0015020200
 132700	0.0045233300	0.0015170600
 132800	0.0045275300	0.0015082800
 132900	0.0045037100	0.0014945200
 133000	0.0045143200	0.0014980400
 133100	0.0045057300	0.0014946300
 133200	0.0045221400	0.0015010400
 133300	0.0045377600	0.0015106900
 133400	0.0045098700	0.0014947900
 133500	0.0045138900	0.0015140900
 133600	0.0044832000	0.0014960600
 133700	0.0045397700	0.0015206600
 133800	0.0045160900	0.0015053500
 133900	0.0045387400	0.0015062000
 134000	0.0045239700	0.0015046200
 134100	0.0045085500	0.0015022800
 134200	0.0045297700	0.0015254300
 134300	0.0044962100	0.0015014900
 134400	0.0044896900	0.0014996700
 134500	0.0044454400	0.0014836500
 134600	0.0044569300	0.0014760500
 134700	0.0044633200	0.0014940900
 134800	0.0044433700	0.0014826200
 134900	0.0044242700	0.0014762100
 135000	0.0044030800	0.0014633200
 135100	0.0044272300	0.0014915100
 135200	0.0044124300	0.0014785800
 135300	0.0044377900	0.0014880600
 135400	0.0044187100	0.0014847200
 135500	0.0043866000	0.0014439100
 135600	0.0044127100	0.0014824300
 135700	0.0044305900	0.0014730600
 135800	0.0043884100	0.0014726000
 135900	0.0043841900	0.0014704300
 136000	0.0044074400	0.0014794500
 136100	0.0044129700	0.0014716600
 136200	0.0043699500	0.0014462600
 136300	0.0043964200	0.0014594500
 136400	0.0043448100	0.0014587300
 136500	0.0044031000	0.0014685600
 136600	0.0043990100	0.0014755300
 136700	0.0043476700	0.0014606400
 136800	0.0043742300	0.0014411100
 136900	0.0043604000	0.0014798500
 137000	0.0043559900	0.0014508800
 137100	0.0043823900	0.0014730000
 137200	0.0043656100	0.0014488400
 137300	0.0043872000	0.0014474600
 137400	0.0044172800	0.0014674600
 137500	0.0043794400	0.0014667900
 137600	0.0043619000	0.0014600400
 137700	0.0043601700	0.0014555600
 137800	0.0043168800	0.0014272700
 137900	0.0043604700	0.0014552300
 138000	0.0043595500	0.0014434000
 138100	0.0043578800	0.0014562800
 138200	0.0043333400	0.0014240200
 138300	0.0043211400	0.0014263600
 138400	0.0043143800	0.0014426200
 138500	0.0043088500	0.0014366500
 138600	0.0042932200	0.0014222700
 138700	0.0043212700	0.0014299200
 138800	0.0042673400	0.0014161900
 138900	0.0043036400	0.0014267300
 139000	0.0043106500	0.0014218700
 139100	0.0043057400	0.0014333800
 139200	0.0043060200	0.0014293000
 139300	0.0043109700	0.0014281900
 139400	0.0042805800	0.0014370500
 139500	0.0042910500	0.0014225300
 139600	0.0042600800	0.0014236400
 139700	0.0042896500	0.0014372800
 139800	0.0042809200	0.0014236000
 139900	0.0042738700	0.0014513600
 140000	0.0042412400	0.0014252000
 140100	0.0042470300	0.0014325100
 140200	0.0042110200	0.0014104500
 140300	0.0042479400	0.0014137000
 140400	0.0042575700	0.0014225500
 140500	0.0042376100	0.0014120100
 140600	0.0042590400	0.0014177800
 140700	0.0042277000	0.0014253900
 140800	0.0042266900	0.0014018800
 140900	0.0042390800	0.0014236100
 141000	0.0042233600	0.0013920600
 141100	0.0041971200	0.0013900900
 141200	0.0042461000	0.0014334800
 141300	0.0042057800	0.0013791900
 141400	0.0042402600	0.0014172200
 141500	0.0041986100	0.0014024100
 141600	0.0042193500	0.0013841900
 141700	0.0042161200	0.0014114000
 141800	0.0042230500	0.0013943200
 141900	0.0042363600	0.0014226200
 142000	0.0042192200	0.0014050500
 142100	0.0042113900	0.0013977200
 142200	0.0041956400	0.0013965100
 142300	0.0042135300	0.0013841100
 142400	0.0041891600	0.0013978000
 142500	0.0041922500	0.0014049500
 142600	0.0042200600	0.0014043200
 142700	0.0042034500	0.0014001200
 142800	0.0041749800	0.0013985000
 142900	0.0042140400	0.0014032800
 143000	0.0042177100	0.0013944100
 143100	0.0041714200	0.0013769300
 143200	0.0042179100	0.0013996400
 143300	0.0041713600	0.0013993200
 143400	0.0042214300	0.0014350100
 143500	0.0041779900	0.0014041300
 143600	0.0042085200	0.0014167200
 143700	0.0041542800	0.0014063400
 143800	0.0041870900	0.0013993500
 143900	0.0041541600	0.0013831800
 144000	0.0041955700	0.0013996600
 144100	0.0041879900	0.0013978400
 144200	0.0041733200	0.0013881300
 144300	0.0041909900	0.0014029400
 144400	0.0041650900	0.0013809900
 144500	0.0041480800	0.0014044500
 144600	0.0041561500	0.0013843800
 144700	0.0041204200	0.0013875100
 144800	0.0041409400	0.0013883800
 144900	0.0041315200	0.0013788800
 145000	0.0041337800	0.0013899900
 145100	0.0041119200	0.0013854900
 145200	0.0041473800	0.0013714900
 145300	0.0041421700	0.0013802400
 145400	0.0041406400	0.0013933400
 145500	0.0041481800	0.0013619200
 145600	0.0041088100	0.0013781700
 145700	0.0041660500	0.0013866300
 145800	0.0041443300	0.0013825400
 145900	0.0040999300	0.0013744800
 146000	0.0041760800	0.0014027500
 146100	0.0041304900	0.0013754400
 146200	0.0041525500	0.0013989000
 146300	0.0040965100	0.0013557600
 146400	0.0041265100	0.0013864000
 146500	0.0040977400	0.0013477800
 146600	0.0040898200	0.0013731900
 146700	0.0040964900	0.0013633900
 146800	0.0041116100	0.0013768200
 146900	0.0041050600	0.0013692100
 147000	0.0041366600	0.0013960900
 147100	0.0040735500	0.0013578400
 147200	0.0041147300	0.0013719300
 147300	0.0041099700	0.0013762000
 147400	0.0041059500	0.0013777900
 147500	0.0040835100	0.0013577400
 147600	0.0040766200	0.0013570800
 147700	0.0041243100	0.0013778200
 147800	0.0041045400	0.0013707400
 147900	0.0040885300	0.0013596200
 148000	0.0040896300	0.0013469400
 148100	0.0040718700	0.0013385500
 148200	0.0041152500	0.0013578800
 148300	0.0041053600	0.0013634400
 148400	0.0040824300	0.0013594400
 148500	0.0040827200	0.0013537300
 148600	0.0040508800	0.0013525200
 148700	0.0040843000	0.0013502200
 148800	0.0040835000	0.0013672400
 148900	0.0041149500	0.0013549200
 149000	0.0040394200	0.0013447200
 149100	0.0040509600	0.0013427900
 149200	0.0040783100	0.0013550100
 149300	0.0040841000	0.0013668900
 149400	0.0040600700	0.0013416100
 149500	0.0040926800	0.0013480500
 149600	0.0040736200	0.0013494300
 149700	0.0040478800	0.0013303200
 149800	0.0040752700	0.0013269500
 149900	0.0040527900	0.0013468300
 150000	0.0040630300	0.0013459300
 150100	0.0040405000	0.0013365200
 150200	0.0040644400	0.0013601200
 150300	0.0040395300	0.0013402000
 150400	0.0040757500	0.0013559600
 150500	0.0040244300	0.0013527800
 150600	0.0040613300	0.0013657000
 150700	0.0040622100	0.0013568600
 150800	0.0040496800	0.0013551000
 150900	0.0040423100	0.0013463400
 151000	0.0040494700	0.0013422200
 151100	0.0040237800	0.0013494800
 151200	0.0040454700	0.0013604600
 151300	0.0040247500	0.0013364400
 151400	0.0040334100	0.0013502900
 151500	0.0040592400	0.0013414100
 151600	0.0040549600	0.0013477100
 151700	0.0040703600	0.0013399400
 151800	0.0040560900	0.0013474600
 151900	0.0040652800	0.0013562600
 152000	0.0040423800	0.0013502900
 152100	0.0040558300	0.0013492700
 152200	0.0040374700	0.0013459900
 152300	0.0040576200	0.0013724100
 152400	0.0040591200	0.0013398800
 152500	0.0040854800	0.0013550200
 152600	0.0040615200	0.0013518000
 152700	0.0040508100	0.0013407900
 152800	0.0040406200	0.0013482900
 152900	0.0040405100	0.0013344700
 153000	0.0040104100	0.0013142900
 153100	0.0040653000	0.0013440400
 153200	0.0040313600	0.0013317700
 153300	0.0040679200	0.0013516400
 153400	0.0040937600	0.0013336900
 153500	0.0040584200	0.0013496900
 153600	0.0040440500	0.0013402800
 153700	0.0040496200	0.0013380800
 153800	0.0040899600	0.0013562900
 153900	0.0040647100	0.0013432200
 154000	0.0040617300	0.0013501600
 154100	0.0040817100	0.0013642700
 154200	0.0040751700	0.0013601500
 154300	0.0041094400	0.0013684200
 154400	0.0040646700	0.0013442900
 154500	0.0040847500	0.0013422500
 154600	0.0040592900	0.0013434000
 154700	0.0040584100	0.0013530100
 154800	0.0040274100	0.0013427800
 154900	0.0040766500	0.0013610300
 155000	0.0040254100	0.0013361800
 155100	0.0040429700	0.0013542400
 155200	0.0040647900	0.0013521600
 155300	0.0040543900	0.0013423200
 155400	0.0040675400	0.0013549500
 155500	0.0040497800	0.0013445700
 155600	0.0040888100	0.0013622300
 155700	0.0040711700	0.0013623300
 155800	0.0040884300	0.0013610600
 155900	0.0040666200	0.0013592900
 156000	0.0040732000	0.0013542100
 156100	0.0040835000	0.0013655400
 156200	0.0040568500	0.0013460600
 156300	0.0040777200	0.0013677400
 156400	0.0040718900	0.0013431200
 156500	0.0040871300	0.0013619000
 156600	0.0040715100	0.0013698500
 156700	0.0041102600	0.0013582300
 156800	0.0041338800	0.0013794500
 156900	0.0040712800	0.0013492000
 157000	0.0041170900	0.0013623500
 157100	0.0040885300	0.0013632900
 157200	0.0040672300	0.0013297700
 157300	0.0041081600	0.0013726300
 157400	0.0041118100	0.0013714600
 157500	0.0040955200	0.0013511100
 157600	0.0041485100	0.0013922400
 157700	0.0040808200	0.0013392200
 157800	0.0041619700	0.0013763900
 157900	0.0041187500	0.0013689900
 158000	0.0041164700	0.0013902800
 158100	0.0041198000	0.0013574400
 158200	0.0041217200	0.0013699700
 158300	0.0041142900	0.0013699500
 158400	0.0041506300	0.0013751300
 158500	0.0041400400	0.0013969000
 158600	0.0041663800	0.0013810400
 158700	0.0041659600	0.0013887200
 158800	0.0041499900	0.0013864400
 158900	0.0041698900	0.0013997400
 159000	0.0041559600	0.0013721900
 159100	0.0041561900	0.0013969300
 159200	0.0041521400	0.0013917100
 159300	0.0041510000	0.0013842300
 159400	0.0041593100	0.0013918300
 159500	0.0041681500	0.0013956200
 159600	0.0041444300	0.0013808400
 159700	0.0041566900	0.0013974400
 159800	0.0041600300	0.0013789900
 159900	0.0041270900	0.0013599300
 160000	0.0041469100	0.0013816600
 160100	0.0041664700	0.0013789300
 160200	0.0041311400	0.0013711600
 160300	0.0041651800	0.0013922600
 160400	0.0042014500	0.0013774800
 160500	0.0042094800	0.0014041600
 160600	0.0041958200	0.0013925200
 160700	0.0041870900	0.0013820900
 160800	0.0041540100	0.0013809000
 160900	0.0041636900	0.0013954300
 161000	0.0041962000	0.0014041400
 161100	0.0041822400	0.0013896700
 161200	0.0042029600	0.0013922400
 161300	0.0041955400	0.0013999900
 161400	0.0042246600	0.0014008600
 161500	0.0041873500	0.0013961700
 161600	0.0042377600	0.0014030500
 161700	0.0042121000	0.0013965900
 161800	0.0042640300	0.0014212400
 161900	0.0042215800	0.0014000900
 162000	0.0042179700	0.0013986500
 162100	0.0042320600	0.0014173000
 162200	0.0042629400	0.0014109100
 162300	0.0042546400	0.0014073500
 162400	0.0042187400	0.0014069700
 162500	0.0042438800	0.0014179100
 162600	0.0042218800	0.0013982100
 162700	0.0042742600	0.0014246100
 162800	0.0042900600	0.0014128700
 162900	0.0042794700	0.0014263900
 163000	0.0043243000	0.0014412400
 163100	0.0043002500	0.0014176800
 163200	0.0042932100	0.0014343900
 163300	0.0042798700	0.0014173700
 163400	0.0042917300	0.0014206100
 163500	0.0042917800	0.0014357100
 163600	0.0043109800	0.0014285500
 163700	0.0043339400	0.0014394200
 163800	0.0043127300	0.0014555700
 163900	0.0043390900	0.0014497600
 164000	0.0042886300	0.0014420100
 164100	0.0043218000	0.0014464100
 164200	0.0042977800	0.0014253800
 164300	0.0042954600	0.0014318700
 164400	0.0043062800	0.0014347700
 164500	0.0043342100	0.0014539200
 164600	0.0042994200	0.0014170300
 164700	0.0043217600	0.0014457100
 164800	0.0043004800	0.0014500400
 164900	0.0043388400	0.0014567600
 165000	0.0042826400	0.0014379100
 165100	0.0043182800	0.0014485800
 165200	0.0043124500	0.0014434500
 165300	0.0043707100	0.0014678200
 165400	0.0043605100	0.0014485500
 165500	0.0043783100	0.0014538800
 165600	0.0043645000	0.0014571600
 165700	0.0043743800	0.0014559400
 165800	0.0043550400	0.0014395300
 165900	0.0043766700	0.0014557300
 166000	0.0043841100	0.0014637400
 166100	0.0043639300	0.0014572200
 166200	0.0043947600	0.0014745000
 166300	0.0043735300	0.0014734600
 166400	0.0044048900	0.0014840600
 166500	0.0044237700	0.0014793000
 166600	0.0043852000	0.0014690300
 166700	0.0044130700	0.0014820000
 166800	0.0043829400	0.0014662800
 166900	0.0044081200	0.0014798600
 167000	0.0044607100	0.0014834500
 167100	0.0044464900	0.0014966800
 167200	0.0044006600	0.0014612100
 167300	0.0044380200	0.0014954400
 167400	0.0044299800	0.0014644400
 167500	0.0044524500	0.0014796500
 167600	0.0044518900	0.0014922000
 167700	0.0044435200	0.0014854000
 167800	0.0044080200	0.0014629500
 167900	0.0044205300	0.0014782100
 168000	0.0044446100	0.0014982900
 168100	0.0044506800	0.0014908100
 168200	0.0044524500	0.0014804100
 168300	0.0044525700	0.0014777300
 168400	0.0044731800	0.0014872600
 168500	0.0044393600	0.0014610400
 168600	0.0044692200	0.0014882100
 168700	0.0044427400	0.0014746300
 168800	0.0044716500	0.0014970700
 168900	0.0045315600	0.0015272900
 169000	0.0045207800	0.0015049900
 169100	0.0044919700	0.0014903600
 169200	0.0045180900	0.0015127400
 169300	0.0044578100	0.0014830500
 169400	0.0045208000	0.0015106100
 169500	0.0044469900	0.0014769500
 169600	0.0045285600	0.0015118000
 169700	0.0045033700	0.0015028400
 169800	0.0045224400	0.0015096500
 169900	0.0045203100	0.0015167700
 170000	0.0045483600	0.0015177900
 170100	0.0045012900	0.0014930500
 170200	0.0045428300	0.0015157600
 170300	0.0044940200	0.0015003900
 170400	0.0045580400	0.0015339200
 170500	0.0045414100	0.0015403000
 170600	0.0045397400	0.0014894600
 170700	0.0045535300	0.0015277100
 170800	0.0045522200	0.0015223400
 170900	0.0045697400	0.0015349600
 171000	0.0045541800	0.0015135800
 171100	0.0045691700	0.0015299400
 171200	0.0045840500	0.0015244300
 171300	0.0046123900	0.0015366300
 171400	0.0046245600	0.0015533300
 171500	0.0045899100	0.0015231500
 171600	0.0046257000	0.0015494500
 171700	0.0045778300	0.0015297700
 171800	0.0046362900	0.0015534200
 171900	0.0045942900	0.0015306500
 172000	0.0046254000	0.0015360000
 172100	0.0046215800	0.0015468100
 172200	0.0046277300	0.0015579500
 172300	0.0046310700	0.0015420400
 172400	0.0046172900	0.0015541900
 172500	0.0046195400	0.0015444900
 172600	0.0046464900	0.0015341400
 172700	0.0046558900	0.0015484600
 172800	0.0046330800	0.0015376200
 172900	0.0046650900	0.0015443700
 173000	0.0046350300	0.0015356000
 173100	0.0046195700	0.0015379900
 173200	0.0046406800	0.0015515400
 173300	0.0046133000	0.0015350600
 173400	0.0046939400	0.0015805200
 173500	0.0047056800	0.0015592300
 173600	0.0046643600	0.0015556000
 173700	0.0047021200	0.0015721800
 173800	0.0046629300	0.0015725200
 173900	0.0046628000	0.0015578800
 174000	0.0046719400	0.0015663600
 174100	0.0046700000	0.0015550100
 174200	0.0046899000	0.0015596100
 174300	0.0046753000	0.0015744800
 174400	0.0046796800	0.0015673600
 174500	0.0046834500	0.0015772400
 174600	0.0046737500	0.0015732700
 174700	0.0047150700	0.0015715000
 174800	0.0047353900	0.0015732900
 174900	0.0046507400	0.0015627500
 175000	0.0047316200	0.0015953500
 175100	0.0046978900	0.0015798700
 175200	0.0047445800	0.0016107400
 175300	0.0047272400	0.0015786400
 175400	0.0047493700	0.0015768200
 175500	0.0047341100	0.0015701900
 175600	0.0047285700	0.0015729400
 175700	0.0047052800	0.0015743600
 175800	0.0047245100	0.0015747600
 175900	0.0047272300	0.0015805100
 176000	0.0047095300	0.0015770500
 176100	0.0047600400	0.0015749000
 176200	0.0047246600	0.0015916900
 176300	0.0047608900	0.0015890700
 176400	0.0047349200	0.0015877000
 176500	0.0047367400	0.0015924200
 176600	0.0047293100	0.0015765600
 176700	0.0047567100	0.0016005700
 176800	0.0047550000	0.0015848200
 176900	0.0047504600	0.0015825400
 177000	0.0047592700	0.0016143700
 177100	0.0047757800	0.0015853300
 177200	0.0047679300	0.0015814900
 177300	0.0047653800	0.0015941100
 177400	0.0048186800	0.0015982800
 177500	0.0047755300	0.0015883900
 177600	0.0047709300	0.0015751800
 177700	0.0048065600	0.0015939100
 177800	0.0047625100	0.0015849600
 177900	0.0047660300	0.0015791100
 178000	0.0048277300	0.0016055300
 178100	0.0048087000	0.0015985100
 178200	0.0048024000	0.0016070800
 178300	0.0048196700	0.0016017600
 178400	0.0048143300	0.0015963200
 178500	0.0048289600	0.0016168900
 178600	0.0047970200	0.0016092100
 178700	0.0047922300	0.0015818400
 178800	0.0048374500	0.0016190400
 178900	0.0048233500	0.0016059000
 179000	0.0047858000	0.0015995300
 179100	0.0049051300	0.0016378900
 179200	0.0047968800	0.0015989700
 179300	0.0048477800	0.0016132700
 179400	0.0048137200	0.0016070000
 179500	0.0048139800	0.0015997300
 179600	0.0047983900	0.0015997900
 179700	0.0048188500	0.0016107600
 179800	0.0048198600	0.0016024400
 179900	0.0048179700	0.0016208300
 180000	0.0048379300	0.0016190400
 180100	0.0048440700	0.0016315800
 180200	0.0047913200	0.0016074800
 180300	0.0048222000	0.0016144500
 180400	0.0047917400	0.0015938400
 180500	0.0048425900	0.0016193900
 180600	0.0048684600	0.0016377500
 180700	0.0048051400	0.0016114800
 180800	0.0048562800	0.0016128500
 180900	0.0048771500	0.0016385600
 181000	0.0048861700	0.0016126100
 181100	0.0048659400	0.0016373100
 181200	0.0048508600	0.0016282100
 181300	0.0048640900	0.0016283200
 181400	0.0048119900	0.0016132300
 181500	0.0048509700	0.0016338800
 181600	0.0048812200	0.0016355300
 181700	0.0048460000	0.0016284700
 181800	0.0048821000	0.0016206900
 181900	0.0049015900	0.0016351300
 182000	0.0049116000	0.0016414900
 182100	0.0049045000	0.0016490400
 182200	0.0049080700	0.0016466300
 182300	0.0049009400	0.0016412200
 182400	0.0048507500	0.0016212000
 182500	0.0048962000	0.0016345000
 182600	0.0048811800	0.0016158100
 182700	0.0048730900	0.0016254200
 182800	0.0048904000	0.0016218700
 182900	0.0049142100	0.0016373600
 183000	0.0048820700	0.0016337400
 183100	0.0048782000	0.0016237400
 183200	0.0048774200	0.0016328300
 183300	0.0049082900	0.0016450100
 183400	0.0049334300	0.0016436600
 183500	0.0049256900	0.0016355300
 183600	0.0048838400	0.0016461900
 183700	0.0049131600	0.0016385800
 183800	0.0048990800	0.0016347400
 183900	0.0048959200	0.0016333600
 184000	0.0049129300	0.0016318000
 184100	0.0049267300	0.0016548200
 184200	0.0049144000	0.0016310900
 184300	0.0049358600	0.0016474600
 184400	0.0049064700	0.0016421700
 184500	0.0049196400	0.0016338600
 184600	0.0048614800	0.0016287000
 184700	0.0049011200	0.0016481500
 184800	0.0049316700	0.0016413200
 184900	0.0048841300	0.0016350400
 185000	0.0049075500	0.0016390400
 185100	0.0049235100	0.0016488000
 185200	0.0048692100	0.0016282200
 185300	0.0049148900	0.0016477500
 185400	0.0048956400	0.0016318300
 185500	0.0048667800	0.0016300200
 185600	0.0048814300	0.0016446600
 185700	0.0048627000	0.0016462200
 185800	0.0049309300	0.0016481600
 185900	0.0048720600	0.0016135600
 186000	0.0048858900	0.0016288600
 186100	0.0048883900	0.0016297800
 186200	0.0048582900	0.0016280200
 186300	0.0048989500	0.0016568700
 186400	0.0049166800	0.0016500500
 186500	0.0048634100	0.0016199100
 186600	0.0049050300	0.0016510300
 186700	0.0048937800	0.0016339200
 186800	0.0048808300	0.0016246800
 186900	0.0049032200	0.0016394200
 187000	0.0048571200	0.0016118600
 187100	0.0048981700	0.0016154500
 187200	0.0048939600	0.0016322600
 187300	0.0048535100	0.0016095200
 187400	0.0048993600	0.0016557300
 187500	0.0048775800	0.0016254400
 187600	0.0048739900	0.0016220100
 187700	0.0048718500	0.0016118500
 187800	0.0048570200	0.0015972800
 187900	0.0048795500	0.0016307600
 188000	0.0048744900	0.0016236700
 188100	0.0048639500	0.0016209100
 188200	0.0048555000	0.0016190500
 188300	0.0048985700	0.0016409700
 188400	0.0049047800	0.0016337400
 188500	0.0049023500	0.0016375700
 188600	0.0048802400	0.0016193700
 188700	0.0049178800	0.0016082500
 188800	0.0048765800	0.0016143100
 188900	0.0048660700	0.0016026400
 189000	0.0048527000	0.0016141900
 189100	0.0048771400	0.0016435200
 189200	0.0048602600	0.0016296400
 189300	0.0048492100	0.0016126000
 189400	0.0048345300	0.0016090600
 189500	0.0048410000	0.0016338400
 189600	0.0048565100	0.0015987400
 189700	0.0048615400	0.0016233600
 189800	0.0048296800	0.0016160500
 189900	0.0048500300	0.0016027100
 190000	0.0047993800	0.0016088100
 190100	0.0048415600	0.0016116500
 190200	0.0048296800	0.0016192600
 190300	0.0048537300	0.0016070200
 190400	0.0048408900	0.0016205800
 190500	0.0047990600	0.0016025800
 190600	0.0048161600	0.0016108200
 190700	0.0048595200	0.0016045900
 190800	0.0048060700	0.0016024600
 190900	0.0047832500	0.0016048100
 191000	0.0048470700	0.0016243800
 191100	0.0048244200	0.0016221200
 191200	0.0048633000	0.0016146500
 191300	0.0048378700	0.0016283200
 191400	0.0048349100	0.0016038500
 191500	0.0048420900	0.0016195600
 191600	0.0047991300	0.0016030100
 191700	0.0048184900	0.0016098700
 191800	0.0047808900	0.0015762500
 191900	0.0048430100	0.0016140900
 192000	0.0048351700	0.0015881500
 192100	0.0048312700	0.0016140600
 192200	0.0048191100	0.0016060500
 192300	0.0048338200	0.0016123900
 192400	0.0047924100	0.0016208300
 192500	0.0048020900	0.0016138200
 192600	0.0047714600	0.0015874400
 192700	0.0047796900	0.0015887700
 192800	0.0047864700	0.0016094600
 192900	0.0047822600	0.0015925400
 193000	0.0047701100	0.0015990100
 193100	0.0047810600	0.0015890800
 193200	0.0047564600	0.0015730400
 193300	0.0047637300	0.0015928800
 193400	0.0047571400	0.0015596100
 193500	0.0047232700	0.0015590500
 193600	0.0047788700	0.0015905500
 193700	0.0047802700	0.0015798300
 193800	0.0047769500	0.0016156700
 193900	0.0047671600	0.0015956800
 194000	0.0047659400	0.0015963900
 194100	0.0047405400	0.0016014800
 194200	0.0047368100	0.0015733500
 194300	0.0047775000	0.0015977300
 194400	0.0047541900	0.0015836500
 194500	0.0047391000	0.0015715000
 194600	0.0047667300	0.0015886500
 194700	0.0047320700	0.0015851900
 194800	0.0047480600	0.0015778800
 194900	0.0047363200	0.0015763200
 195000	0.0047200300	0.0015803400
 195100	0.0047212500	0.0015754400
 195200	0.0047177200	0.0015759500
 195300	0.0047076100	0.0015955000
 195400	0.0046893000	0.0015591700
 195500	0.0047053400	0.0015669400
 195600	0.0046851400	0.0015687700
 195700	0.0047229200	0.0015670300
 195800	0.0047311300	0.0015789600
 195900	0.0046954200	0.0015607600
 196000	0.0046740300	0.0015532200
 196100	0.0046581100	0.0015687700
 196200	0.0046576200	0.0015564200
 196300	0.0046942900	0.0015849000
 196400	0.0046699900	0.0015566300
 196500	0.0047128100	0.0015871600
 196600	0.0046874200	0.0015414900
 196700	0.0046870900	0.0015436900
 196800	0.0046872900	0.0015597900
 196900	0.0046822000	0.0015394500
 197000	0.0046817100	0.0015441900
 197100	0.0047018300	0.0015735500
 197200	0.0046701600	0.0015614100
 197300	0.0046862600	0.0015507500
 197400	0.0046726800	0.0015640700
 197500	0.0046743500	0.0015598700
 197600	0.0046619800	0.0015723500
 197700	0.0046919300	0.0015690100
 197800	0.0046448500	0.0015677600
 197900	0.0046749400	0.0015498600
 198000	0.0046483400	0.0015571900
 198100	0.0046787800	0.0015611200
 198200	0.0046294100	0.0015376700
 198300	0.0046721000	0.0015686600
 198400	0.0046191400	0.0015426900
 198500	0.0046398700	0.0015375900
 198600	0.0046817200	0.0015754400
 198700	0.0046601200	0.0015296700
 198800	0.0046571000	0.0015542100
 198900	0.0046692300	0.0015746300
 199000	0.0046552400	0.0015371200
 199100	0.0046559100	0.0015487700
 199200	0.0046319400	0.0015567700
 199300	0.0046407900	0.0015374200
 199400	0.0046065800	0.0015472300
 199500	0.0046340400	0.0015583500
 199600	0.0046163100	0.0015554700
 199700	0.0046304600	0.0015494300
 199800	0.0046246200	0.0015493600
 199900	0.0046462800	0.0015414000
 200000	0.0046373500	0.0015383900
